      x(1)=7.000000000000000
      x(2)=7.310000000000000

